[gd_scene load_steps=21 format=2]

[ext_resource path="res://Scenes/Components/UI.tscn" type="PackedScene" id=1]
[ext_resource path="res://Scenes/Monster.tscn" type="PackedScene" id=2]
[ext_resource path="res://Scenes/Zombie.tscn" type="PackedScene" id=3]
[ext_resource path="res://Scenes/ZombieRanged.tscn" type="PackedScene" id=4]
[ext_resource path="res://Scenes/ItemHealth.tscn" type="PackedScene" id=5]
[ext_resource path="res://Scenes/ItemAmmo.tscn" type="PackedScene" id=6]
[ext_resource path="res://Sprites/Weapon/smg-item-final.png" type="Texture" id=7]
[ext_resource path="res://Sprites/Weapon/shotgun-item-final.png" type="Texture" id=8]
[ext_resource path="res://Scripts/ShotgunPickup.gd" type="Script" id=9]
[ext_resource path="res://SFX/ammo-pickup.wav" type="AudioStream" id=10]
[ext_resource path="res://Scripts/SMGPickup.gd" type="Script" id=11]
[ext_resource path="res://Scenes/Player.tscn" type="PackedScene" id=12]
[ext_resource path="res://assets/simple_skybox/Skybox.tscn" type="PackedScene" id=13]
[ext_resource path="res://Music/stage-music.ogg" type="AudioStream" id=14]
[ext_resource path="res://Scenes/map.tscn" type="PackedScene" id=15]

[sub_resource type="SpatialMaterial" id=1]
flags_unshaded = true
params_billboard_mode = 2
params_billboard_keep_scale = true
params_use_alpha_scissor = true
params_alpha_scissor_threshold = 0.98
albedo_texture = ExtResource( 7 )

[sub_resource type="CylinderShape" id=2]
radius = 1.01277
height = 0.64562

[sub_resource type="Animation" id=3]
length = 2.0
loop = true
tracks/0/type = "value"
tracks/0/path = NodePath(".:offset")
tracks/0/interp = 2
tracks/0/loop_wrap = true
tracks/0/imported = false
tracks/0/enabled = true
tracks/0/keys = {
"times": PoolRealArray( 0, 1, 2 ),
"transitions": PoolRealArray( 1, 1, 1 ),
"update": 0,
"values": [ Vector2( 0, -16 ), Vector2( 0, 16 ), Vector2( 0, -16 ) ]
}

[sub_resource type="Animation" id=4]
length = 2.0
loop = true
tracks/0/type = "value"
tracks/0/path = NodePath(".:offset")
tracks/0/interp = 2
tracks/0/loop_wrap = true
tracks/0/imported = false
tracks/0/enabled = true
tracks/0/keys = {
"times": PoolRealArray( 0, 1, 2 ),
"transitions": PoolRealArray( 1, 1, 1 ),
"update": 0,
"values": [ Vector2( 0, -16 ), Vector2( 0, 16 ), Vector2( 0, -16 ) ]
}

[sub_resource type="Environment" id=5]
background_mode = 2
ambient_light_color = Color( 0.243137, 0.243137, 0.298039, 1 )
ambient_light_energy = 0.8
fog_enabled = true
fog_color = Color( 0, 0, 0, 0.784314 )
fog_depth_begin = 8.0
fog_depth_end = 25.0
fog_height_max = -163.7

[node name="World" type="Spatial"]

[node name="UI" parent="." instance=ExtResource( 1 )]
margin_left = 15.0
margin_top = 15.0
margin_right = -15.0
margin_bottom = -15.0

[node name="Enemies" type="Node" parent="."]
editor/display_folded = true

[node name="Monster" parent="Enemies" instance=ExtResource( 2 )]
transform = Transform( -0.698774, 0, -0.715344, 0, 1, 0, 0.715344, 0, -0.698774, 36.2426, 1.71726, -53.0218 )

[node name="ImpTest13" parent="Enemies" instance=ExtResource( 3 )]
transform = Transform( -0.867314, 0, -0.497763, 0, 1, 0, 0.497763, 0, -0.867314, 32.3247, 1.31448, -55.993 )

[node name="ImpTest12" parent="Enemies" instance=ExtResource( 3 )]
transform = Transform( -0.757927, 0, -0.65234, 0, 1, 0, 0.65234, 0, -0.757927, 36.9353, 1.31448, -54.8591 )

[node name="ImpTest18" parent="Enemies" instance=ExtResource( 3 )]
transform = Transform( -0.757927, 0, -0.65234, 0, 1, 0, 0.65234, 0, -0.757927, 35.3256, 1.31448, -57.9982 )

[node name="ImpTest6" parent="Enemies" instance=ExtResource( 3 )]
transform = Transform( -0.952378, 0, -0.304918, 0, 1, 0, 0.304918, 0, -0.952378, 34.4126, 1.31448, -52.8493 )

[node name="ImpTest7" parent="Enemies" instance=ExtResource( 3 )]
transform = Transform( 0.0633612, 0, -0.997991, 0, 1, 0, 0.997991, 0, 0.0633612, -5.72142, 5.24106, 13.8737 )

[node name="ImpTest9" parent="Enemies" instance=ExtResource( 3 )]
transform = Transform( -0.590764, 0, 0.806845, 0, 1, 0, -0.806845, 0, -0.590764, 18.7314, 5.29617, -4.83913 )

[node name="ImpTest10" parent="Enemies" instance=ExtResource( 3 )]
transform = Transform( -0.998249, 0, -0.0591532, 0, 1, 0, 0.0591532, 0, -0.998249, -28.5259, 5.29617, -11.9458 )

[node name="ImpTest11" parent="Enemies" instance=ExtResource( 3 )]
transform = Transform( -0.684371, 0, -0.729135, 0, 1, 0, 0.729135, 0, -0.684371, -31.8374, 5.29617, -10.5093 )

[node name="ImpTest8" parent="Enemies" instance=ExtResource( 3 )]
transform = Transform( -0.41736, 0, -0.908742, 0, 1, 0, 0.908742, 0, -0.41736, -7.50969, 5.29617, 9.94669 )

[node name="ImpTest2" parent="Enemies" instance=ExtResource( 3 )]
transform = Transform( -0.313909, 0, 0.949453, 0, 1, 0, -0.949453, 0, -0.313909, 23.3421, 5.29617, -3.70521 )

[node name="ImpTest3" parent="Enemies" instance=ExtResource( 3 )]
transform = Transform( -0.487675, 0, 0.873025, 0, 1, 0, -0.873025, 0, -0.487675, 20.8193, 5.29617, -1.69545 )

[node name="ImpTest4" parent="Enemies" instance=ExtResource( 3 )]
transform = Transform( -0.199143, 0, 0.979971, 0, 1, 0, -0.979971, 0, -0.199143, 5.34645, 5.29617, 12.8861 )

[node name="ImpTest5" parent="Enemies" instance=ExtResource( 3 )]
transform = Transform( -0.867442, 0, 0.497539, 0, 1, 0, -0.497539, 0, -0.867442, 13.0041, 1.1868, -49.4031 )

[node name="ImpTest17" parent="Enemies" instance=ExtResource( 3 )]
transform = Transform( 0.611914, 0, 0.790924, 0, 1, 0, -0.790924, 0, 0.611914, 12.7603, 1.1868, -39.9652 )

[node name="ImpTest14" parent="Enemies" instance=ExtResource( 3 )]
transform = Transform( -0.952145, 0, -0.305646, 0, 1, 0, 0.305646, 0, -0.952145, -6.98487, 1.31595, -53.094 )

[node name="ImpTest15" parent="Enemies" instance=ExtResource( 3 )]
transform = Transform( -0.952145, 0, -0.305646, 0, 1, 0, 0.305646, 0, -0.952145, -7.25226, 4.23782, -27.344 )

[node name="ImpTest16" parent="Enemies" instance=ExtResource( 3 )]
transform = Transform( -0.398487, 5.6738e-05, -0.917174, 0.000305422, 1, -7.08251e-05, 0.917174, -0.00030835, -0.398487, 1.3938, 5.29617, -21.62 )

[node name="ZombieRanged" parent="Enemies" instance=ExtResource( 4 )]
transform = Transform( -0.305434, 0, -0.952213, 0, 1, 0, 0.952213, 0, -0.305434, -32.8109, 5.29617, -2.82638 )

[node name="ZombieRanged3" parent="Enemies" instance=ExtResource( 4 )]
transform = Transform( -0.167313, 0, 0.985904, 0, 1, 0, -0.985904, 0, -0.167313, 20.0772, 1.24148, -63.8422 )

[node name="ZombieRanged4" parent="Enemies" instance=ExtResource( 4 )]
transform = Transform( -0.00918873, 0, -0.999958, 0, 1, 0, 0.999958, 0, -0.00918873, 29.5448, 1.24148, -44.619 )

[node name="ZombieRanged2" parent="Enemies" instance=ExtResource( 4 )]
transform = Transform( -0.999594, 0, 0.0284823, 0, 1, 0, -0.0284823, 0, -0.999594, 8.86525, 5.22635, -33.3489 )

[node name="Items" type="Node" parent="."]

[node name="HealthItem" parent="Items" instance=ExtResource( 5 )]
transform = Transform( -4.37114e-08, 0, 1, 0, 1, 0, -1, 0, -4.37114e-08, -33.6087, 4.78537, 0.404023 )

[node name="HealthItem5" parent="Items" instance=ExtResource( 5 )]
transform = Transform( -4.37114e-08, 0, 1, 0, 1, 0, -1, 0, -4.37114e-08, 9.16942, 4.78537, -34.2648 )

[node name="HealthItem4" parent="Items" instance=ExtResource( 5 )]
transform = Transform( -4.37114e-08, 0, 1, 0, 1, 0, -1, 0, -4.37114e-08, 18.1629, 0.577362, -16.2246 )

[node name="HealthItem2" parent="Items" instance=ExtResource( 5 )]
transform = Transform( -4.37114e-08, 0, 1, 0, 1, 0, -1, 0, -4.37114e-08, -33.6087, 4.78537, -1.41922 )

[node name="HealthItem3" parent="Items" instance=ExtResource( 5 )]
transform = Transform( -4.37114e-08, 0, 1, 0, 1, 0, -1, 0, -4.37114e-08, 18.1629, 0.577362, -19.552 )

[node name="HandgunAmmoItem" parent="Items" instance=ExtResource( 6 )]
transform = Transform( -4.37114e-08, 0, -1, 0, 1, 0, 1, 0, -4.37114e-08, 30.5938, 4.53944, 2.27351 )
ammo_type = 1

[node name="HandgunAmmoItem2" parent="Items" instance=ExtResource( 6 )]
transform = Transform( -4.37114e-08, 0, -1, 0, 1, 0, 1, 0, -4.37114e-08, 13.5608, 0.92453, 61.645 )
ammo_type = 1

[node name="HandgunAmmoItem4" parent="Items" instance=ExtResource( 6 )]
transform = Transform( -4.37114e-08, 0, -1, 0, 1, 0, 1, 0, -4.37114e-08, 28.7439, 4.53944, 2.27351 )
ammo_type = 1

[node name="HandgunAmmoItem5" parent="Items" instance=ExtResource( 6 )]
transform = Transform( -4.37114e-08, 0, -1, 0, 1, 0, 1, 0, -4.37114e-08, 11.711, 0.92453, 61.645 )
ammo_type = 1

[node name="ShotgunAmmo" parent="Items" instance=ExtResource( 6 )]
transform = Transform( 1, 0, 0, 0, 1, 0, 0, 0, 1, -5.826, 0.708038, -64.9568 )
modulate = Color( 0, 1, 0, 1 )
ammo_type = 2

[node name="ShotgunAmmo2" parent="Items" instance=ExtResource( 6 )]
transform = Transform( 1, 0, 0, 0, 1, 0, 0, 0, 1, -7.36545, 0.708038, -64.9568 )
modulate = Color( 0, 1, 0, 1 )
ammo_type = 2

[node name="SMGAmmo" parent="Items" instance=ExtResource( 6 )]
transform = Transform( 1, 0, 0, 0, 1, 0, 0, 0, 1, 30.1387, 0.464752, -60.6891 )
ammo_type = 3

[node name="ShotgunPickup" type="Sprite3D" parent="Items"]
transform = Transform( 1, 0, 0, 0, 1, 0, 0, 0, 1, -29.1768, 8.37056, -31.3497 )
material_override = SubResource( 1 )
offset = Vector2( 0, -3.43619 )
texture = ExtResource( 8 )
script = ExtResource( 9 )

[node name="Area" type="Area" parent="Items/ShotgunPickup"]

[node name="CollisionShape" type="CollisionShape" parent="Items/ShotgunPickup/Area"]
shape = SubResource( 2 )

[node name="AnimationPlayer" type="AnimationPlayer" parent="Items/ShotgunPickup"]
anims/Hover = SubResource( 3 )

[node name="AudioStreamPlayer" type="AudioStreamPlayer" parent="Items/ShotgunPickup"]
stream = ExtResource( 10 )

[node name="SMGPickup" type="Sprite3D" parent="Items"]
transform = Transform( 1, 0, 0, 0, 1, 0, 0, 0, 1, 30.9756, 0.549457, -46.9953 )
material_override = SubResource( 1 )
texture = ExtResource( 7 )
script = ExtResource( 11 )

[node name="Area" type="Area" parent="Items/SMGPickup"]

[node name="CollisionShape" type="CollisionShape" parent="Items/SMGPickup/Area"]
shape = SubResource( 2 )

[node name="AnimationPlayer" type="AnimationPlayer" parent="Items/SMGPickup"]
anims/Hover = SubResource( 4 )

[node name="AudioStreamPlayer" type="AudioStreamPlayer" parent="Items/SMGPickup"]
stream = ExtResource( 10 )

[node name="Player" parent="." instance=ExtResource( 12 )]
transform = Transform( -0.715442, 0, -0.698672, 0, 1, 0, 0.698672, 0, -0.715442, -22.4345, 2.83027, 49.493 )

[node name="WorldEnvironment" type="WorldEnvironment" parent="."]
environment = SubResource( 5 )

[node name="Skybox" parent="." instance=ExtResource( 13 )]
transform = Transform( 28.428, 0, 0, 0, 28.428, 0, 0, 0, 28.428, 0, 0, 0 )

[node name="SpotLight" type="SpotLight" parent="."]
transform = Transform( 1, 0, 0, 0, 0.520089, 0.854112, 0, -0.854112, 0.520089, 0, 11.1548, 51.2332 )
light_color = Color( 0.901961, 0.396078, 0.0941176, 1 )
spot_range = 13.3

[node name="SpotLight2" type="SpotLight" parent="."]
transform = Transform( 0.759552, 0.555555, -0.33829, 0, 0.520089, 0.854112, 0.650447, -0.648742, 0.395034, 12.6012, 8.69786, 2.69135 )
light_color = Color( 0.901961, 0.396078, 0.0941176, 1 )
spot_range = 13.3

[node name="SpotLight3" type="SpotLight" parent="."]
transform = Transform( -0.00895932, 0.854078, -0.520068, 0, 0.520089, 0.854112, 0.99996, 0.00765226, -0.00465964, -5.78625, 16.7821, -29.0335 )
light_color = Color( 0.901961, 0.396078, 0.0941176, 1 )
spot_range = 13.3

[node name="DirectionalLight" type="DirectionalLight" parent="."]
transform = Transform( 0.0593939, -0.83344, 0.549408, 0, 0.55038, 0.834914, -0.998235, -0.0495888, 0.0326892, 0, 11.3552, 8.70565 )
light_energy = 0.2

[node name="AudioStreamPlayer" type="AudioStreamPlayer" parent="."]
stream = ExtResource( 14 )
volume_db = 2.0
autoplay = true

[node name="Map" parent="." instance=ExtResource( 15 )]
transform = Transform( 4, 0, 0, 0, 4, 0, 0, 0, 4, 0, -0.184651, 0 )
[connection signal="body_entered" from="Items/ShotgunPickup/Area" to="Items/ShotgunPickup" method="_on_Area_body_entered"]
[connection signal="body_entered" from="Items/SMGPickup/Area" to="Items/SMGPickup" method="_on_Area_body_entered"]
[connection signal="ammo_update" from="Player" to="UI" method="_on_Player_ammo_update"]
[connection signal="health_update" from="Player" to="UI" method="_on_Player_health_update"]
[connection signal="weapon_change" from="Player" to="UI" method="_on_Player_weapon_change"]
